14
1030001400
371
동부간선도로
0
1
1030002000
1459
동부간선도로
1
2
1030001700
2326
동부간선도로
2
3
1030002300
713
동부간선도로
3
4
1040005500
3950
동부간선도로
4
5
1060004100
2738
동부간선도로
5
6
1100000600
2064
동부간선도로
6
7
1100001400
657
동부간선도로
7
8
1100002000
954
동부간선도로
8
9
1100002600
250
동부간선도로
9
10
1100003000
290
동부간선도로
10
11
1100003400
324
동부간선도로
11
12
1100003800
161
동부간선도로
12
13
1100004200
573
동부간선도로
13
14
1100004800
560
동부간선도로
14
15
1100005400
1422
동부간선도로
15
16
1100006800
1196
동부간선도로
16
17
1100006700
1197
동부간선도로
17
16
1100005300
1428
동부간선도로
16
15
1100004700
563
동부간선도로
15
14
1100004100
569
동부간선도로
14
13
1100003700
161
동부간선도로
13
12
1100003300
326
동부간선도로
12
11
1100002900
290
동부간선도로
11
10
1100002500
245
동부간선도로
10
9
1100001900
963
동부간선도로
9
18
1100001300
706
동부간선도로
18
19
1100000500
2030
동부간선도로
19
20
1050003600
2721
동부간선도로
20
5
1050000300
3815
동부간선도로
5
21
1030002600
718
동부간선도로
21
3
1030001800
2332
동부간선도로
3
2
1030001900
1476
동부간선도로
2
22
1030001300
366
동부간선도로
22
23
2210044100
162
강변북로
24
25
2210047200
754
강변북로
26
27
2210046800
758
강변북로
27
28
2210044500
560
강변북로
28
28
2210046600
330
강변북로
28
27
1040004100
1478
강변북로
29
30
1040002100
258
강변북로
30
31
1040001500
897
강변북로
31
32
1040001100
662
강변북로
32
33
1040000500
869
강변북로
33
34
1040000200
2012
강변북로
34
35
1030000400
1457
강변북로
36
37
1030000600
512
강변북로
37
38
1030000800
259
강변북로
38
39
1030001000
582
강변북로
39
0
1030001100
1433
강변북로
0
40
1020000300
1055
강변북로
41
42
1020000200
1150
강변북로
42
43
1020000600
826
강변북로
43
44
1020000800
856
강변북로
44
45
1020001200
565
강변북로
45
46
1020001800
381
강변북로
47
48
1130000400
642
강변북로
48
49
1130000800
804
강변북로
49
50
1130001400
375
강변북로
50
51
1130001000
1684
강변북로
51
52
1130002000
739
강변북로
52
53
1130003400
372
강변북로
54
55
1130004400
724
강변북로
55
56
1130005800
1044
강변북로
56
57
1130007000
1464
강변북로
57
58
1130006900
1466
강변북로
58
56
1130004300
748
강변북로
56
55
1130003300
350
강변북로
55
54
1130002300
616
강변북로
54
53
1130001900
731
강변북로
53
52
1130000900
1731
강변북로
52
51
1130000700
399
강변북로
50
49
1130000300
591
강변북로
49
48
1020001700
494
강변북로
48
47
1020001300
1010
강변북로
47
45
1020001100
273
강변북로
45
45
1020000700
681
강변북로
45
44
1020000100
1457
강변북로
43
42
1020000400
1066
강변북로
42
41
1020001000
1900
강변북로
41
59
1020001600
1059
강변북로
59
40
1030001200
1397
강변북로
40
0
1070000200
1429
북부간선도로
60
61
1070001600
1490
북부간선도로
61
62
1060006800
2749
북부간선도로
62
63
1060006700
2757
북부간선도로
63
62
1070001500
1494
북부간선도로
62
61
1070000100
1412
북부간선도로
61
60
1220005000
1575
분당수서로
35
64
1220003800
2999
분당수서로
64
65
1220002500
523
분당수서로
65
66
1220001700
2001
분당수서로
66
67
1230001500
3061
분당수서로
67
68
1230001600
3065
분당수서로
68
67
1220001800
2004
분당수서로
67
66
1220003000
2075
분당수서로
66
69
1220003900
1437
분당수서로
69
64
1220005100
1138
분당수서로
64
35
1170001000
440
서부간선도로
70
71
1170001200
2457
서부간선도로
71
72
1170001400
769
서부간선도로
72
73
1160001200
774
서부간선도로
73
74
1160002600
967
서부간선도로
74
75
1160003200
1187
서부간선도로
75
76
1180001400
836
서부간선도로
76
77
1180002200
1121
서부간선도로
77
78
1180003000
1141
서부간선도로
78
79
1180004000
464
서부간선도로
79
80
1180003900
464
서부간선도로
80
79
1180002900
1130
서부간선도로
79
78
1180002100
1127
서부간선도로
78
77
1180001300
833
서부간선도로
77
76
1160003100
1186
서부간선도로
76
75
1160002500
968
서부간선도로
75
74
1160001100
779
서부간선도로
74
73
1170001300
771
서부간선도로
73
72
1170001100
2461
서부간선도로
72
71
1170000900
440
서부간선도로
71
70
1210005100
1325
경부고속도로
81
82
1210004700
754
경부고속도로
82
83
1210004100
1980
경부고속도로
83
84
1210003900
548
경부고속도로
84
85
1210003000
1999
경부고속도로
85
86
1210001900
596
경부고속도로
86
87
1210000800
295
경부고속도로
87
88
2040002902
2716
경부고속도로
88
89
2060011401
5260
경부고속도로
89
90
2060010400
329
경부고속도로
90
91
2060010200
488
경부고속도로
91
92
2060007400
434
경부고속도로
92
92
2060001201
2920
경부고속도로
92
93
2280071701
7764
경부고속도로
93
94
2280067900
1197
경부고속도로
94
95
2280064600
1748
경부고속도로
95
96
2280057600
560
경부고속도로
96
97
2280046301
3630
경부고속도로
97
98
2280046302
861
경부고속도로
98
99
2280029200
372
경부고속도로
99
100
2280251200
301
경부고속도로
100
101
2280251400
605
경부고속도로
101
101
2333346400
3546
경부고속도로
101
102
2330025903
948
경부고속도로
102
103
2330025902
3314
경부고속도로
103
104
2230003700
590
경부고속도로
104
105
2140055801
12608
경부고속도로
105
106
2310027800
963
경부고속도로
106
107
2140019701
2478
경부고속도로
107
108
2140019703
1469
경부고속도로
108
109
2310007300
602
경부고속도로
109
110
2850054405
11028
경부고속도로
110
111
2140019801
3947
경부고속도로
109
107
2140055702
4806
경부고속도로
106
108
2140055701
7802
경부고속도로
108
105
2230003800
589
경부고속도로
105
104
2280029100
372
경부고속도로
100
99
2280046200
4496
경부고속도로
99
97
2280057500
560
경부고속도로
97
96
2060001101
2922
경부고속도로
93
92
2060007300
434
경부고속도로
92
92
2060010300
489
경부고속도로
92
91
2060010500
333
경부고속도로
91
90
2060011501
5258
경부고속도로
90
89
1210000701
3015
경부고속도로
89
112
1210002000
596
경부고속도로
112
86
1210002900
1995
경부고속도로
86
85
1210004000
548
경부고속도로
85
113
1210004200
1981
경부고속도로
113
114
1210005200
2105
경부고속도로
114
115
1630001800
3912
경인고속도로
116
117
1630003901
2564
경인고속도로
117
118
1680003000
3709
경인고속도로
118
119
1680004500
487
경인고속도로
119
120
1680005200
3342
경인고속도로
120
121
1660003900
420
경인고속도로
121
122
1660003702
2164
경인고속도로
122
123
1660003701
328
경인고속도로
123
124
1660003500
932
경인고속도로
124
125
2120002500
884
경인고속도로
125
126
2120002100
693
경인고속도로
126
127
1140000201
4557
경인고속도로
127
128
1140000200
249
경인고속도로
128
129
1140022200
961
경인고속도로
129
130
1140026200
1394
경인고속도로
130
131
1140029200
2176
경인고속도로
131
132
1140029100
2181
경인고속도로
132
131
1140040700
1395
경인고속도로
131
130
1140040500
961
경인고속도로
130
129
1140000100
250
경인고속도로
129
133
1140000101
4552
경인고속도로
133
127
2120002200
695
경인고속도로
127
126
2120002600
885
경인고속도로
126
125
1660003600
932
경인고속도로
125
124
1660003801
328
경인고속도로
124
123
1660003802
2164
경인고속도로
123
122
1660004000
420
경인고속도로
122
121
1680005100
3348
경인고속도로
121
120
1680004600
491
경인고속도로
120
119
1680002900
3715
경인고속도로
119
118
1630004001
2559
경인고속도로
118
117
1630001700
3892
경인고속도로
117
116
1240005300
579
올림픽대로
134
135
1240004900
961
올림픽대로
135
136
1240003800
3982
올림픽대로
136
137
1240003100
342
올림픽대로
138
139
1240001900
1277
올림픽대로
139
140
1230005300
1591
올림픽대로
140
141
1230005100
869
올림픽대로
141
142
1230004700
749
올림픽대로
142
143
1230003900
1615
올림픽대로
143
144
1230004400
716
올림픽대로
144
145
1230004600
403
올림픽대로
145
146
1220004500
1237
올림픽대로
146
147
1220005500
1996
올림픽대로
147
148
1220005600
1032
올림픽대로
148
149
1210006400
1155
올림픽대로
149
150
1210005300
2168
올림픽대로
150
151
1210004900
1301
올림픽대로
151
152
1210004500
450
올림픽대로
152
153
1210004400
445
올림픽대로
153
154
1190000200
3430
올림픽대로
154
155
1190000600
4152
올림픽대로
155
156
1180003200
686
올림픽대로
156
157
1180004200
1559
올림픽대로
157
158
1180005100
800
올림픽대로
158
159
1180005700
698
올림픽대로
159
160
1150002400
1867
올림픽대로
160
161
1150003200
1585
올림픽대로
161
162
1150004600
2358
올림픽대로
162
163
1150006100
1062
올림픽대로
163
164
1150006600
622
올림픽대로
164
165
1150006500
629
올림픽대로
165
164
1150006000
1061
올림픽대로
164
163
1150004500
2356
올림픽대로
163
162
1150003100
1584
올림픽대로
162
161
1150002300
1865
올림픽대로
161
160
1180005600
704
올림픽대로
160
159
1180005000
796
올림픽대로
159
158
1180004100
1796
올림픽대로
158
157
1180002700
1430
올림픽대로
157
156
1190000500
3249
올림픽대로
156
155
1190000100
3426
올림픽대로
155
154
1210004300
451
올림픽대로
154
153
1210004600
461
올림픽대로
153
152
1210005000
1300
올림픽대로
152
151
1210005400
2192
올림픽대로
151
150
1210006500
1153
올림픽대로
150
149
1220005700
1016
올림픽대로
149
148
1220005400
1995
올림픽대로
148
147
1220004400
1250
올림픽대로
147
146
1230004000
1641
올림픽대로
144
143
2180002503
122
자유로
166
167
2180001302
126
자유로
168
169
2180001301
163
자유로
168
170
2180000202
325
자유로
171
172
2180000201
227
자유로
172
173
1130007400
238
자유로
173
58
1130007300
240
자유로
58
173
2180000101
227
자유로
173
172
2180000102
325
자유로
172
171
2180001401
163
자유로
170
168
2180001402
126
자유로
168
168
2180002603
122
자유로
166
166
1179910010
273
강남순환로
174
175
1179910020
118
강남순환로
175
176
1179910030
2770
강남순환로
176
177
1209910040
2088
강남순환로
177
178
1209910050
296
강남순환로
178
179
1209910060
1823
강남순환로
179
180
1209910070
1378
강남순환로
180
181
1209910080
542
강남순환로
181
182
1219910090
1567
강남순환로
182
183
1219910100
1526
강남순환로
183
184
1219910110
387
강남순환로
184
185
1219920010
384
강남순환로
185
184
1219920020
1660
강남순환로
184
183
1219920030
1437
강남순환로
183
186
1209920040
546
강남순환로
186
179
1209920050
1848
강남순환로
179
180
1209920060
1358
강남순환로
180
181
1209920070
300
강남순환로
181
187
1209920080
2286
강남순환로
187
177
1179920090
2561
강남순환로
177
178
1179920100
117
강남순환로
178
175
1179920110
273
강남순환로
175
174
1130004900
478
내부순환로
188
189
1130006600
2104
내부순환로
189
190
1120001400
2173
내부순환로
190
191
1120001800
2088
내부순환로
191
192
1120002200
169
내부순환로
192
193
1120002400
2021
내부순환로
193
194
1000002600
1848
내부순환로
194
195
1070001300
812
내부순환로
195
196
1070000300
2532
내부순환로
196
197
1070000500
795
내부순환로
197
60
1050003200
996
내부순환로
60
198
1050001800
2386
내부순환로
198
199
1030002700
2321
내부순환로
199
200
1030002400
1445
내부순환로
200
2
1030002500
1616
내부순환로
2
200
1030002800
2317
내부순환로
200
199
1050001900
2384
내부순환로
199
198
1050003300
1014
내부순환로
198
60
1070000600
809
내부순환로
60
197
1070000400
2515
내부순환로
197
196
1070001400
821
내부순환로
196
195
1000002500
1861
내부순환로
195
194
1120002300
2005
내부순환로
194
193
1120002100
523
내부순환로
193
192
1120001700
1758
내부순환로
192
191
1120001300
2160
내부순환로
191
190
1130006500
1596
내부순환로
190
201
1130005400
983
내부순환로
201
188
