avg_spd
57.66185897435897
trv_time
23.0
92.0
115.0
35.0
347.0
154.0
111.0
41.0
60.0
13.0
16.0
17.0
8.0
28.0
31.0
78.0
72.0
77.0
89.0
35.0
120.0
36.0
73.0
65.0
55.0
81.0
59.0
107.0
136.0
181.0
34.0
112.0
100.0
25.0
10.0
45.0
45.0
34.0
20.0
70.0
12.0
48.0
36.0
48.0
94.0
70.0
25.0
12.0
27.0
66.0
84.0
138.0
99.0
52.0
34.0
22.0
40.0
50.0
28.0
126.0
43.0
22.0
38.0
51.0
71.0
135.0
82.0
53.0
92.0
110.0
178.0
24.0
36.0
32.0
66.0
15.0
37.0
105.0
71.0
109.0
65.0
74.0
70.0
75.0
109.0
709.0
149.0
68.0
210.0
400.0
29.0
109.0
145.0
145.0
99.0
97.0
69.0
55.0
23.0
130.0
52.0
53.0
68.0
84.0
188.0
252.0
105.0
43.0
28.0
69.0
140.0
103.0
126.0
102.0
104.0
103.0
554.0
99.0
434.0
160.0
188.0
52.0
107.0
32.0
29.0
122.0
218.0
14.0
20.0
18.0
131.0
474.0
110.0
131.0
34.0
179.0
37.0
16.0
0.0
0.0
0.0
0.0
0.0
33.0
522.0
39.0
101.0
59.0
23.0
409.0
309.0
275.0
365.0
33.0
15.0
208.0
29.0
164.0
23.0
26.0
17.0
231.0
187.0
69.0
232.0
52.0
188.0
98.0
0.0
0.0
0.0
0.0
0.0
0.0
0.0
0.0
0.0
41.0
35.0
231.0
13.0
50.0
0.0
0.0
0.0
0.0
35.0
9.0
180.0
27.0
40.0
0.0
0.0
0.0
0.0
0.0
0.0
0.0
0.0
0.0
31.0
52.0
214.0
18.0
69.0
82.0
61.0
40.0
83.0
37.0
21.0
59.0
114.0
109.0
208.0
289.0
123.0
23.0
23.0
174.0
197.0
32.0
63.0
41.0
35.0
95.0
72.0
107.0
51.0
30.0
32.0
54.0
242.0
163.0
168.0
63.0
72.0
75.0
68.0
154.0
196.0
23.0
23.0
65.0
104.0
58.0
60.0
211.0
80.0
83.0
6.0
5.0
8.0
25.0
10.0
13.0
12.0
11.0
16.0
8.0
6.0
6.0
16.0
5.0
101.0
77.0
13.0
72.0
51.0
20.0
55.0
58.0
20.0
18.0
62.0
56.0
23.0
70.0
51.0
13.0
89.0
95.0
5.0
16.0
23.0
98.0
115.0
376.0
30.0
428.0
117.0
52.0
142.0
45.0
47.0
128.0
113.0
75.0
86.0
106.0
134.0
48.0
44.0
144.0
45.0
116.0
113.0
28.0
93.0
110.0
81.0
50.0
